start,duration,threads_x,threads_y,threads_z
0.326778,0.000433,88.0,22.0,8.0
0.327212,0.000536,88.0,22.0,8.0
0.32775,0.000637,88.0,22.0,8.0
0.328388,0.000721,88.0,22.0,8.0
0.32911,0.000739,88.0,22.0,8.0
0.32985,0.000736,88.0,22.0,8.0
0.330587,0.000732,88.0,22.0,8.0
0.331321,0.000654,88.0,22.0,8.0
0.331976,0.000554,88.0,22.0,8.0
0.332531,0.000448,88.0,22.0,8.0
0.33298,0.00034,88.0,22.0,8.0
