start,duration,threads_x,threads_y,threads_z
0.334887,0.000136,65536.0,1.0,1.0
0.335023,0.000115,65536.0,1.0,1.0
0.335139,0.000118,65536.0,1.0,1.0
0.335258,0.000116,65536.0,1.0,1.0
0.335375,0.000115,65536.0,1.0,1.0
0.335491,0.000117,65536.0,1.0,1.0
0.335609,0.000117,65536.0,1.0,1.0
0.335728,0.000115,65536.0,1.0,1.0
0.335845,0.000119,65536.0,1.0,1.0
0.335964,0.000115,65536.0,1.0,1.0
0.33608,0.000115,65536.0,1.0,1.0
0.336196,0.000114,65536.0,1.0,1.0
0.336312,0.000118,65536.0,1.0,1.0
0.336431,0.000116,65536.0,1.0,1.0
0.336549,0.000116,65536.0,1.0,1.0
0.336665,0.000118,65536.0,1.0,1.0
0.336785,0.000116,65536.0,1.0,1.0
0.336901,0.000114,65536.0,1.0,1.0
0.337017,0.000117,65536.0,1.0,1.0
0.337135,0.000116,65536.0,1.0,1.0
0.337252,0.000115,65536.0,1.0,1.0
0.337368,0.000117,65536.0,1.0,1.0
0.337486,0.000117,65536.0,1.0,1.0
0.337604,0.000118,65536.0,1.0,1.0
0.337724,0.000117,65536.0,1.0,1.0
0.337842,0.000115,65536.0,1.0,1.0
0.337958,0.000115,65536.0,1.0,1.0
0.338074,0.000115,65536.0,1.0,1.0
0.33819,0.000119,65536.0,1.0,1.0
0.338311,0.000115,65536.0,1.0,1.0
0.338427,0.000116,65536.0,1.0,1.0
0.338544,0.000115,65536.0,1.0,1.0
0.33866,0.000115,65536.0,1.0,1.0
0.338776,0.000116,65536.0,1.0,1.0
0.338894,0.000116,65536.0,1.0,1.0
0.339011,0.000115,65536.0,1.0,1.0
0.339127,0.000115,65536.0,1.0,1.0
0.339244,0.000117,65536.0,1.0,1.0
0.339362,0.000117,65536.0,1.0,1.0
0.33948,0.000115,65536.0,1.0,1.0
0.339596,0.000114,65536.0,1.0,1.0
0.339712,0.000116,65536.0,1.0,1.0
0.339829,0.000108,65536.0,1.0,1.0
0.339939,0.000116,65536.0,1.0,1.0
0.340055,0.000116,65536.0,1.0,1.0
0.340173,0.000119,65536.0,1.0,1.0
0.340293,0.000115,65536.0,1.0,1.0
0.340409,0.000116,65536.0,1.0,1.0
0.340526,0.000116,65536.0,1.0,1.0
0.340643,0.000109,65536.0,1.0,1.0
0.340753,0.000114,65536.0,1.0,1.0
0.340868,0.000118,65536.0,1.0,1.0
0.340987,0.000115,65536.0,1.0,1.0
0.341104,0.000115,65536.0,1.0,1.0
0.341219,0.000116,65536.0,1.0,1.0
0.341336,0.000116,65536.0,1.0,1.0
0.341453,0.000109,65536.0,1.0,1.0
0.341564,0.000119,65536.0,1.0,1.0
0.341683,0.000116,65536.0,1.0,1.0
0.3418,0.000117,65536.0,1.0,1.0
0.341918,0.000112,65536.0,1.0,1.0
0.342031,0.000111,65536.0,1.0,1.0
0.342142,0.000113,65536.0,1.0,1.0
0.342257,0.000113,65536.0,1.0,1.0
0.342371,0.00011,65536.0,1.0,1.0
0.342482,0.00011,65536.0,1.0,1.0
0.342593,0.000112,65536.0,1.0,1.0
0.342706,0.000114,65536.0,1.0,1.0
0.342821,0.000116,65536.0,1.0,1.0
0.342938,0.000112,65536.0,1.0,1.0
0.343052,0.000109,65536.0,1.0,1.0
0.343162,0.000112,65536.0,1.0,1.0
0.343276,0.000114,65536.0,1.0,1.0
0.343391,0.000109,65536.0,1.0,1.0
0.343501,0.000111,65536.0,1.0,1.0
0.343613,0.000112,65536.0,1.0,1.0
0.343726,0.000116,65536.0,1.0,1.0
0.343843,0.000111,65536.0,1.0,1.0
0.343955,0.000115,65536.0,1.0,1.0
0.344071,0.000113,65536.0,1.0,1.0
0.344185,0.000116,65536.0,1.0,1.0
0.344301,0.000113,65536.0,1.0,1.0
0.344416,0.000111,65536.0,1.0,1.0
0.344528,0.000113,65536.0,1.0,1.0
0.344642,0.000115,65536.0,1.0,1.0
0.344757,0.000112,65536.0,1.0,1.0
0.34487,0.000112,65536.0,1.0,1.0
0.344984,0.000112,65536.0,1.0,1.0
0.345097,0.000113,65536.0,1.0,1.0
0.345211,0.000114,65536.0,1.0,1.0
0.345326,0.000112,65536.0,1.0,1.0
0.34544,0.000112,65536.0,1.0,1.0
0.345553,0.000115,65536.0,1.0,1.0
0.345669,0.000113,65536.0,1.0,1.0
0.345784,0.000107,65536.0,1.0,1.0
0.345892,0.000112,65536.0,1.0,1.0
0.346005,0.000112,65536.0,1.0,1.0
0.346118,0.000113,65536.0,1.0,1.0
0.346232,0.00011,65536.0,1.0,1.0
0.346344,0.000111,65536.0,1.0,1.0
0.346456,0.000112,65536.0,1.0,1.0
0.346568,0.000115,65536.0,1.0,1.0
0.346684,0.000115,65536.0,1.0,1.0
0.3468,0.000115,65536.0,1.0,1.0
0.346917,0.000111,65536.0,1.0,1.0
0.347029,0.000113,65536.0,1.0,1.0
0.347144,0.000115,65536.0,1.0,1.0
0.347259,0.00011,65536.0,1.0,1.0
0.347371,0.000111,65536.0,1.0,1.0
0.347483,0.000115,65536.0,1.0,1.0
0.347599,0.000115,65536.0,1.0,1.0
0.347715,0.000111,65536.0,1.0,1.0
0.347827,0.000112,65536.0,1.0,1.0
0.34794,0.000113,65536.0,1.0,1.0
0.348054,0.000114,65536.0,1.0,1.0
0.34817,0.00011,65536.0,1.0,1.0
0.348281,0.000113,65536.0,1.0,1.0
0.348395,0.000115,65536.0,1.0,1.0
0.34851,0.000112,65536.0,1.0,1.0
0.348623,0.000109,65536.0,1.0,1.0
0.348733,0.000111,65536.0,1.0,1.0
0.348846,0.000111,65536.0,1.0,1.0
0.348958,0.000115,65536.0,1.0,1.0
0.349074,0.000117,65536.0,1.0,1.0
0.349193,0.00011,65536.0,1.0,1.0
0.349304,0.00011,65536.0,1.0,1.0
0.349415,0.000116,65536.0,1.0,1.0
0.349532,0.000116,65536.0,1.0,1.0
0.34965,0.000113,65536.0,1.0,1.0
0.349764,0.000111,65536.0,1.0,1.0
0.349877,0.000113,65536.0,1.0,1.0
0.349991,0.000114,65536.0,1.0,1.0
0.350106,0.000111,65536.0,1.0,1.0
0.350219,0.000111,65536.0,1.0,1.0
0.350331,0.000113,65536.0,1.0,1.0
0.350446,0.000116,65536.0,1.0,1.0
0.350563,0.000108,65536.0,1.0,1.0
0.350673,0.000112,65536.0,1.0,1.0
0.350785,0.000114,65536.0,1.0,1.0
0.3509,0.000116,65536.0,1.0,1.0
0.351017,0.000113,65536.0,1.0,1.0
0.351131,0.000113,65536.0,1.0,1.0
0.351246,0.000113,65536.0,1.0,1.0
0.35136,0.000115,65536.0,1.0,1.0
0.351476,0.00011,65536.0,1.0,1.0
0.351587,0.000114,65536.0,1.0,1.0
0.351701,0.000114,65536.0,1.0,1.0
0.351817,0.000116,65536.0,1.0,1.0
0.351934,0.000109,65536.0,1.0,1.0
0.352044,0.000112,65536.0,1.0,1.0
0.352158,0.000109,65536.0,1.0,1.0
0.352268,0.000112,65536.0,1.0,1.0
0.352381,0.00012,65536.0,1.0,1.0
0.352502,0.000114,65536.0,1.0,1.0
0.352618,0.000112,65536.0,1.0,1.0
0.352731,0.000116,65536.0,1.0,1.0
0.352848,0.000113,65536.0,1.0,1.0
0.352963,0.000114,65536.0,1.0,1.0
0.353078,0.000113,65536.0,1.0,1.0
0.353193,0.000116,65536.0,1.0,1.0
0.35331,0.000111,65536.0,1.0,1.0
0.353422,0.000113,65536.0,1.0,1.0
0.353536,0.000115,65536.0,1.0,1.0
0.353653,0.000116,65536.0,1.0,1.0
0.35377,0.000112,65536.0,1.0,1.0
0.353883,0.00011,65536.0,1.0,1.0
0.353995,0.000113,65536.0,1.0,1.0
0.354109,0.000114,65536.0,1.0,1.0
0.354224,0.000113,65536.0,1.0,1.0
0.354338,0.000113,65536.0,1.0,1.0
0.354452,0.000116,65536.0,1.0,1.0
0.354569,0.000115,65536.0,1.0,1.0
0.354685,0.000108,65536.0,1.0,1.0
0.354794,0.000116,65536.0,1.0,1.0
0.354912,0.000114,65536.0,1.0,1.0
0.355027,0.000113,65536.0,1.0,1.0
0.355142,0.00011,65536.0,1.0,1.0
0.355253,0.00011,65536.0,1.0,1.0
0.355364,0.000114,65536.0,1.0,1.0
0.35548,0.000112,65536.0,1.0,1.0
0.355592,0.000112,65536.0,1.0,1.0
0.355706,0.000111,65536.0,1.0,1.0
0.355818,0.000114,65536.0,1.0,1.0
0.355932,0.000113,65536.0,1.0,1.0
0.356046,0.000113,65536.0,1.0,1.0
0.35616,0.000112,65536.0,1.0,1.0
0.356273,0.000111,65536.0,1.0,1.0
0.356386,0.000114,65536.0,1.0,1.0
0.356501,0.000114,65536.0,1.0,1.0
0.356617,0.000112,65536.0,1.0,1.0
0.35673,0.000112,65536.0,1.0,1.0
0.356844,0.000115,65536.0,1.0,1.0
0.35696,0.000115,65536.0,1.0,1.0
0.357076,0.000112,65536.0,1.0,1.0
0.357189,0.000112,65536.0,1.0,1.0
0.357302,0.000111,65536.0,1.0,1.0
0.357414,0.000116,65536.0,1.0,1.0
0.357532,0.00011,65536.0,1.0,1.0
0.357643,0.000116,65536.0,1.0,1.0
0.35776,0.000112,65536.0,1.0,1.0
