start,duration,H2D,D2H,D2D,Throughput
0.579796,0.033561,1,0,0,4.440078
0.613362,1e-06,0,0,0,0
0.613579,0.003489,0,0,0,0
0.617069,0.003527,0,0,0,0
0.620597,0.003505,0,0,0,0
0.624103,0.003466,0,0,0,0
0.627569,0.003497,0,0,0,0
0.631067,0.003488,0,0,0,0
0.634556,0.003496,0,0,0,0
0.638052,0.003489,0,0,0,0
0.641543,0.003486,0,0,0,0
0.64503,0.003512,0,0,0,0
0.648542,0.003483,0,0,0,0
0.652026,0.003475,0,0,0,0
0.655502,0.003467,0,0,0,0
0.65897,0.003491,0,0,0,0
0.662462,0.003482,0,0,0,0
0.665945,0.003494,0,0,0,0
0.669439,0.00348,0,0,0,0
0.67292,0.003487,0,0,0,0
0.676408,0.003514,0,0,0,0
0.679922,0.003485,0,0,0,0
0.683408,0.003507,0,0,0,0
0.686916,0.003492,0,0,0,0
0.690408,0.003485,0,0,0,0
0.693894,0.003478,0,0,0,0
0.697373,0.003484,0,0,0,0
0.700858,0.003475,0,0,0,0
0.704334,0.003489,0,0,0,0
0.707824,0.003494,0,0,0,0
0.711319,0.003505,0,0,0,0
0.714825,0.003499,0,0,0,0
0.718325,0.003486,0,0,0,0
0.721812,0.003484,0,0,0,0
0.725317,0.056515,0,1,0,2.636653
0.963073,1e-06,0,0,0,0
0.963272,0.002036,0,0,0,0
0.965309,0.002029,0,0,0,0
0.967339,0.002056,0,0,0,0
0.969396,0.002043,0,0,0,0
0.97144,0.002041,0,0,0,0
0.973482,0.002046,0,0,0,0
0.975529,0.002037,0,0,0,0
0.977567,0.002033,0,0,0,0
0.979601,0.002044,0,0,0,0
0.981645,0.002047,0,0,0,0
0.983693,0.00205,0,0,0,0
0.985744,0.002022,0,0,0,0
0.987767,0.00204,0,0,0,0
0.989807,0.002041,0,0,0,0
0.991849,0.00204,0,0,0,0
0.99389,0.002045,0,0,0,0
0.995936,0.00203,0,0,0,0
0.997967,0.002044,0,0,0,0
1.000013,0.00204,0,0,0,0
1.002054,0.002039,0,0,0,0
1.004094,0.002052,0,0,0,0
1.006147,0.002036,0,0,0,0
1.008184,0.002028,0,0,0,0
1.010213,0.002025,0,0,0,0
1.012239,0.002046,0,0,0,0
1.014286,0.002039,0,0,0,0
1.016325,0.002027,0,0,0,0
1.018353,0.002035,0,0,0,0
1.020389,0.002025,0,0,0,0
1.022416,0.002049,0,0,0,0
1.024466,0.002035,0,0,0,0
1.026502,0.002033,0,0,0,0
1.028554,0.031283,0,1,0,4.763271
1.192348,1e-06,0,0,0,0
1.192544,0.001386,0,0,0,0
1.193931,0.001381,0,0,0,0
1.195313,0.001387,0,0,0,0
1.196701,0.001387,0,0,0,0
1.198089,0.001389,0,0,0,0
1.199479,0.00139,0,0,0,0
1.20087,0.001391,0,0,0,0
1.202262,0.001385,0,0,0,0
1.203648,0.001385,0,0,0,0
1.205035,0.001387,0,0,0,0
1.206423,0.00139,0,0,0,0
1.207814,0.001385,0,0,0,0
1.2092,0.001391,0,0,0,0
1.210592,0.001388,0,0,0,0
1.211981,0.001386,0,0,0,0
1.213368,0.001389,0,0,0,0
1.214759,0.001389,0,0,0,0
1.216148,0.001389,0,0,0,0
1.217538,0.001391,0,0,0,0
1.21893,0.001387,0,0,0,0
1.220318,0.001397,0,0,0,0
1.221715,0.00139,0,0,0,0
1.223107,0.001395,0,0,0,0
1.224503,0.001393,0,0,0,0
1.225896,0.001382,0,0,0,0
1.22728,0.001392,0,0,0,0
1.228672,0.001384,0,0,0,0
1.230057,0.00139,0,0,0,0
1.231449,0.001393,0,0,0,0
1.232843,0.001391,0,0,0,0
1.234234,0.001391,0,0,0,0
1.235626,0.001388,0,0,0,0
1.237033,0.031357,0,1,0,4.752057
1.39292,1e-06,0,0,0,0
1.393116,0.000786,0,0,0,0
1.393902,0.000795,0,0,0,0
1.394698,0.000781,0,0,0,0
1.395479,0.000776,0,0,0,0
1.396257,0.000779,0,0,0,0
1.397036,0.000785,0,0,0,0
1.397822,0.000787,0,0,0,0
1.39861,0.000783,0,0,0,0
1.399394,0.000785,0,0,0,0
1.400179,0.000781,0,0,0,0
1.400962,0.000789,0,0,0,0
1.401752,0.000789,0,0,0,0
1.402542,0.000783,0,0,0,0
1.403326,0.000786,0,0,0,0
1.404113,0.000785,0,0,0,0
1.404899,0.000785,0,0,0,0
1.405685,0.000785,0,0,0,0
1.406471,0.000792,0,0,0,0
1.407264,0.000787,0,0,0,0
1.408052,0.000777,0,0,0,0
1.40883,0.000783,0,0,0,0
1.409613,0.000783,0,0,0,0
1.410397,0.000787,0,0,0,0
1.411186,0.000779,0,0,0,0
1.411966,0.000777,0,0,0,0
1.412744,0.000783,0,0,0,0
1.413527,0.000788,0,0,0,0
1.414316,0.000781,0,0,0,0
1.415098,0.000789,0,0,0,0
1.415888,0.000793,0,0,0,0
1.416682,0.000794,0,0,0,0
1.417477,0.000785,0,0,0,0
1.41828,0.031747,0,1,0,4.69366
1.545033,1e-06,0,0,0,0
1.545238,0.000686,0,0,0,0
1.545925,0.000683,0,0,0,0
1.546609,0.000683,0,0,0,0
1.547293,0.000689,0,0,0,0
1.547983,0.000682,0,0,0,0
1.548666,0.000682,0,0,0,0
1.549349,0.000687,0,0,0,0
1.550037,0.000687,0,0,0,0
1.550725,0.000687,0,0,0,0
1.551413,0.000688,0,0,0,0
1.552103,0.000689,0,0,0,0
1.552793,0.000687,0,0,0,0
1.55348,0.000683,0,0,0,0
1.554164,0.000683,0,0,0,0
1.554848,0.000686,0,0,0,0
1.555535,0.000685,0,0,0,0
1.556221,0.000688,0,0,0,0
1.556909,0.000684,0,0,0,0
1.557594,0.000685,0,0,0,0
1.55828,0.000683,0,0,0,0
1.558964,0.000683,0,0,0,0
1.559648,0.000687,0,0,0,0
1.560336,0.000686,0,0,0,0
1.561023,0.000682,0,0,0,0
1.561706,0.000686,0,0,0,0
1.562393,0.000688,0,0,0,0
1.563082,0.000691,0,0,0,0
1.563774,0.000681,0,0,0,0
1.564456,0.000685,0,0,0,0
1.565142,0.000686,0,0,0,0
1.565828,0.000689,0,0,0,0
1.566518,0.000683,0,0,0,0
1.567222,0.031436,0,1,0,4.740196
1.672158,1e-06,0,0,0,0
1.672358,0.000668,0,0,0,0
1.673027,0.000666,0,0,0,0
1.673694,0.000674,0,0,0,0
1.674369,0.000672,0,0,0,0
1.675042,0.000669,0,0,0,0
1.675712,0.000669,0,0,0,0
1.676382,0.00067,0,0,0,0
1.677052,0.000668,0,0,0,0
1.677722,0.000669,0,0,0,0
1.678392,0.000669,0,0,0,0
1.679062,0.000667,0,0,0,0
1.67973,0.000668,0,0,0,0
1.680399,0.000669,0,0,0,0
1.681068,0.000672,0,0,0,0
1.681742,0.000672,0,0,0,0
1.682415,0.000669,0,0,0,0
1.683085,0.000668,0,0,0,0
1.683754,0.00067,0,0,0,0
1.684425,0.000668,0,0,0,0
1.685094,0.000668,0,0,0,0
1.685763,0.000673,0,0,0,0
1.686437,0.000668,0,0,0,0
1.687105,0.00067,0,0,0,0
1.687776,0.000672,0,0,0,0
1.688449,0.000668,0,0,0,0
1.689118,0.000668,0,0,0,0
1.689786,0.000668,0,0,0,0
1.690456,0.000669,0,0,0,0
1.691126,0.000669,0,0,0,0
1.691796,0.000667,0,0,0,0
1.692464,0.000669,0,0,0,0
1.693133,0.000668,0,0,0,0
1.693821,0.031475,0,1,0,4.734259
1.793571,1e-06,0,0,0,0
1.793769,0.001175,0,0,0,0
1.794945,0.001165,0,0,0,0
1.796111,0.001166,0,0,0,0
1.797278,0.001164,0,0,0,0
1.798442,0.001175,0,0,0,0
1.799618,0.001172,0,0,0,0
1.800791,0.00117,0,0,0,0
1.801962,0.001168,0,0,0,0
1.803131,0.00117,0,0,0,0
1.804302,0.001169,0,0,0,0
1.805472,0.001167,0,0,0,0
1.80664,0.00117,0,0,0,0
1.807811,0.001176,0,0,0,0
1.808988,0.001176,0,0,0,0
1.810164,0.001176,0,0,0,0
1.811341,0.001165,0,0,0,0
1.812506,0.001168,0,0,0,0
1.813675,0.001173,0,0,0,0
1.814849,0.001177,0,0,0,0
1.816027,0.001167,0,0,0,0
1.817194,0.001176,0,0,0,0
1.818371,0.001173,0,0,0,0
1.819545,0.001171,0,0,0,0
1.820717,0.001173,0,0,0,0
1.821892,0.00117,0,0,0,0
1.823062,0.001166,0,0,0,0
1.824229,0.001178,0,0,0,0
1.825407,0.001162,0,0,0,0
1.82657,0.001174,0,0,0,0
1.827746,0.001172,0,0,0,0
1.828919,0.001168,0,0,0,0
1.830088,0.00117,0,0,0,0
1.831275,0.031495,0,1,0,4.731219
1.986736,1e-06,0,0,0,0
1.986934,0.001169,0,0,0,0
1.988105,0.001173,0,0,0,0
1.989279,0.001168,0,0,0,0
1.990447,0.001168,0,0,0,0
1.991616,0.001168,0,0,0,0
1.992785,0.001166,0,0,0,0
1.993952,0.001173,0,0,0,0
1.995126,0.001165,0,0,0,0
1.996293,0.001175,0,0,0,0
1.997469,0.001168,0,0,0,0
1.998638,0.001166,0,0,0,0
1.999805,0.00117,0,0,0,0
2.000976,0.001176,0,0,0,0
2.002153,0.001168,0,0,0,0
2.003322,0.001174,0,0,0,0
2.004497,0.00117,0,0,0,0
2.005668,0.001165,0,0,0,0
2.006834,0.001177,0,0,0,0
2.008012,0.00118,0,0,0,0
2.009192,0.001174,0,0,0,0
2.010367,0.00117,0,0,0,0
2.011538,0.001175,0,0,0,0
2.012715,0.001169,0,0,0,0
2.013885,0.001175,0,0,0,0
2.01506,0.001169,0,0,0,0
2.01623,0.001175,0,0,0,0
2.017406,0.001169,0,0,0,0
2.018576,0.00117,0,0,0,0
2.019746,0.00117,0,0,0,0
2.020917,0.001169,0,0,0,0
2.022087,0.001174,0,0,0,0
2.023262,0.001166,0,0,0,0
2.024445,0.031637,0,1,0,4.710076
2.168602,1e-06,0,0,0,0
2.168804,0.000692,0,0,0,0
2.169496,0.000689,0,0,0,0
2.170187,0.000689,0,0,0,0
2.170877,0.000699,0,0,0,0
2.171577,0.000691,0,0,0,0
2.172269,0.000691,0,0,0,0
2.17296,0.0007,0,0,0,0
2.173661,0.000698,0,0,0,0
2.17436,0.000692,0,0,0,0
2.175052,0.000699,0,0,0,0
2.175752,0.0007,0,0,0,0
2.176453,0.00069,0,0,0,0
2.177144,0.000691,0,0,0,0
2.177836,0.000695,0,0,0,0
2.178532,0.000694,0,0,0,0
2.179227,0.000693,0,0,0,0
2.179921,0.000694,0,0,0,0
2.180616,0.000697,0,0,0,0
2.181313,0.000691,0,0,0,0
2.182005,0.000695,0,0,0,0
2.182701,0.000693,0,0,0,0
2.183394,0.000693,0,0,0,0
2.184089,0.000694,0,0,0,0
2.184783,0.000692,0,0,0,0
2.185476,0.00069,0,0,0,0
2.186167,0.000693,0,0,0,0
2.186861,0.000696,0,0,0,0
2.187558,0.000694,0,0,0,0
2.188253,0.000695,0,0,0,0
2.188949,0.000695,0,0,0,0
2.189645,0.000699,0,0,0,0
2.190344,0.000695,0,0,0,0
2.191063,0.03152,0,1,0,4.727516
2.300561,1e-06,0,0,0,0
2.300759,0.000596,0,0,0,0
2.301356,0.000594,0,0,0,0
2.301951,0.000594,0,0,0,0
2.302546,0.00059,0,0,0,0
2.303136,0.000596,0,0,0,0
2.303733,0.000587,0,0,0,0
2.30432,0.000595,0,0,0,0
2.304916,0.000592,0,0,0,0
2.305509,0.000599,0,0,0,0
2.306109,0.000594,0,0,0,0
2.306704,0.00059,0,0,0,0
2.307295,0.000589,0,0,0,0
2.307886,0.000595,0,0,0,0
2.308481,0.000608,0,0,0,0
2.30909,0.000592,0,0,0,0
2.309684,0.00059,0,0,0,0
2.310275,0.000591,0,0,0,0
2.310867,0.000602,0,0,0,0
2.31147,0.000596,0,0,0,0
2.312068,0.000593,0,0,0,0
2.312662,0.000593,0,0,0,0
2.313256,0.000599,0,0,0,0
2.313856,0.000592,0,0,0,0
2.314449,0.000589,0,0,0,0
2.315038,0.000595,0,0,0,0
2.315634,0.00059,0,0,0,0
2.316225,0.000593,0,0,0,0
2.31682,0.000594,0,0,0,0
2.317414,0.000595,0,0,0,0
2.31801,0.000609,0,0,0,0
2.31862,0.000592,0,0,0,0
2.319213,0.00059,0,0,0,0
2.319819,0.031481,0,1,0,4.733392
2.407042,1e-06,0,0,0,0
2.407237,0.00048,0,0,0,0
2.407719,0.000476,0,0,0,0
2.408196,0.000478,0,0,0,0
2.408676,0.00048,0,0,0,0
2.409156,0.000467,0,0,0,0
2.409624,0.000474,0,0,0,0
2.410099,0.000466,0,0,0,0
2.410567,0.000471,0,0,0,0
2.411038,0.000478,0,0,0,0
2.411518,0.00048,0,0,0,0
2.411999,0.000468,0,0,0,0
2.412468,0.000467,0,0,0,0
2.412936,0.000463,0,0,0,0
2.4134,0.000474,0,0,0,0
2.413875,0.00048,0,0,0,0
2.414356,0.000471,0,0,0,0
2.414828,0.000469,0,0,0,0
2.415298,0.000475,0,0,0,0
2.415774,0.000473,0,0,0,0
2.416248,0.000477,0,0,0,0
2.416726,0.000471,0,0,0,0
2.417198,0.000471,0,0,0,0
2.41767,0.000472,0,0,0,0
2.418144,0.000485,0,0,0,0
2.418629,0.000475,0,0,0,0
2.419106,0.00047,0,0,0,0
2.419577,0.000484,0,0,0,0
2.420062,0.000481,0,0,0,0
2.420543,0.000466,0,0,0,0
2.421011,0.00048,0,0,0,0
2.421492,0.000467,0,0,0,0
2.421959,0.000475,0,0,0,0
2.422451,0.031466,0,1,0,4.735669
2.52275,1e-06,0,0,0,0
2.522947,0.000587,0,0,0,0
2.523534,0.000608,0,0,0,0
2.524144,0.000621,0,0,0,0
2.524765,0.000605,0,0,0,0
2.525372,0.000588,0,0,0,0
2.525961,0.000599,0,0,0,0
2.526561,0.0006,0,0,0,0
2.527162,0.000595,0,0,0,0
2.527758,0.000601,0,0,0,0
2.52836,0.000595,0,0,0,0
2.528955,0.000598,0,0,0,0
2.529554,0.000609,0,0,0,0
2.530164,0.00061,0,0,0,0
2.530775,0.000594,0,0,0,0
2.53137,0.000602,0,0,0,0
2.531973,0.000577,0,0,0,0
2.53255,0.000595,0,0,0,0
2.533146,0.000591,0,0,0,0
2.533738,0.000602,0,0,0,0
2.534341,0.000601,0,0,0,0
2.534943,0.000616,0,0,0,0
2.53556,0.000592,0,0,0,0
2.536153,0.000593,0,0,0,0
2.536746,0.000598,0,0,0,0
2.537346,0.000601,0,0,0,0
2.537947,0.000587,0,0,0,0
2.538535,0.000602,0,0,0,0
2.539138,0.000614,0,0,0,0
2.539753,0.000592,0,0,0,0
2.540346,0.000611,0,0,0,0
2.540957,0.000596,0,0,0,0
2.541554,0.000602,0,0,0,0
2.542173,0.031647,0,1,0,4.708548
