start,duration,threads_x,threads_y,threads_z
0.652664,0.004383,16384.0,1.0,1.0
0.657048,0.004372,16384.0,1.0,1.0
0.661421,0.004377,16384.0,1.0,1.0
0.665799,0.004383,16384.0,1.0,1.0
0.670183,0.004397,16384.0,1.0,1.0
0.67458,0.004423,16384.0,1.0,1.0
0.679004,0.00433,16384.0,1.0,1.0
0.683335,0.004389,16384.0,1.0,1.0
0.687724,0.004361,16384.0,1.0,1.0
0.692086,0.004343,16384.0,1.0,1.0
0.69643,0.004322,16384.0,1.0,1.0
0.700754,0.004346,16384.0,1.0,1.0
0.705101,0.004364,16384.0,1.0,1.0
0.709465,0.004359,16384.0,1.0,1.0
0.713825,0.004389,16384.0,1.0,1.0
0.718216,0.004362,16384.0,1.0,1.0
0.722579,0.004355,16384.0,1.0,1.0
0.726935,0.00436,16384.0,1.0,1.0
0.731296,0.004362,16384.0,1.0,1.0
0.735658,0.004396,16384.0,1.0,1.0
0.740055,0.004393,16384.0,1.0,1.0
0.744449,0.004372,16384.0,1.0,1.0
0.748821,0.004393,16384.0,1.0,1.0
0.753216,0.004413,16384.0,1.0,1.0
0.757629,0.00436,16384.0,1.0,1.0
0.76199,0.004406,16384.0,1.0,1.0
0.766397,0.00438,16384.0,1.0,1.0
0.770778,0.00439,16384.0,1.0,1.0
0.775169,0.00439,16384.0,1.0,1.0
0.77956,0.004389,16384.0,1.0,1.0
0.783949,0.004378,16384.0,1.0,1.0
0.788328,0.00443,16384.0,1.0,1.0
1.08828,0.002553,16384.0,1.0,1.0
1.090835,0.002557,16384.0,1.0,1.0
1.093393,0.002552,16384.0,1.0,1.0
1.095946,0.002569,16384.0,1.0,1.0
1.098516,0.002551,16384.0,1.0,1.0
1.101067,0.002553,16384.0,1.0,1.0
1.103621,0.002557,16384.0,1.0,1.0
1.106178,0.002548,16384.0,1.0,1.0
1.108727,0.002566,16384.0,1.0,1.0
1.111294,0.002571,16384.0,1.0,1.0
1.113865,0.002552,16384.0,1.0,1.0
1.116419,0.002552,16384.0,1.0,1.0
1.118971,0.002563,16384.0,1.0,1.0
1.121535,0.002556,16384.0,1.0,1.0
1.124092,0.002567,16384.0,1.0,1.0
1.126661,0.002575,16384.0,1.0,1.0
1.129237,0.00258,16384.0,1.0,1.0
1.131818,0.002565,16384.0,1.0,1.0
1.134384,0.002559,16384.0,1.0,1.0
1.136943,0.002561,16384.0,1.0,1.0
1.139505,0.002571,16384.0,1.0,1.0
1.142077,0.002561,16384.0,1.0,1.0
1.144639,0.002556,16384.0,1.0,1.0
1.147196,0.002551,16384.0,1.0,1.0
1.149748,0.002551,16384.0,1.0,1.0
1.1523,0.002574,16384.0,1.0,1.0
1.154875,0.002554,16384.0,1.0,1.0
1.157431,0.002548,16384.0,1.0,1.0
1.15998,0.002547,16384.0,1.0,1.0
1.162528,0.002571,16384.0,1.0,1.0
1.1651,0.002565,16384.0,1.0,1.0
1.167666,0.00256,16384.0,1.0,1.0
1.376624,0.001759,16384.0,1.0,1.0
1.378384,0.001742,16384.0,1.0,1.0
1.380127,0.001746,16384.0,1.0,1.0
1.381874,0.001739,16384.0,1.0,1.0
1.383614,0.001739,16384.0,1.0,1.0
1.385354,0.001746,16384.0,1.0,1.0
1.387101,0.001747,16384.0,1.0,1.0
1.388848,0.001758,16384.0,1.0,1.0
1.390607,0.001749,16384.0,1.0,1.0
1.392357,0.001748,16384.0,1.0,1.0
1.394105,0.001748,16384.0,1.0,1.0
1.395855,0.001752,16384.0,1.0,1.0
1.397607,0.001746,16384.0,1.0,1.0
1.399354,0.001743,16384.0,1.0,1.0
1.401098,0.00175,16384.0,1.0,1.0
1.402848,0.001752,16384.0,1.0,1.0
1.404601,0.001744,16384.0,1.0,1.0
1.406346,0.001762,16384.0,1.0,1.0
1.408109,0.001739,16384.0,1.0,1.0
1.409849,0.001746,16384.0,1.0,1.0
1.411595,0.001743,16384.0,1.0,1.0
1.413339,0.001746,16384.0,1.0,1.0
1.415086,0.001754,16384.0,1.0,1.0
1.416841,0.001748,16384.0,1.0,1.0
1.41859,0.001743,16384.0,1.0,1.0
1.420334,0.001746,16384.0,1.0,1.0
1.42208,0.001749,16384.0,1.0,1.0
1.42383,0.001739,16384.0,1.0,1.0
1.42557,0.001737,16384.0,1.0,1.0
1.427308,0.001745,16384.0,1.0,1.0
1.429054,0.001751,16384.0,1.0,1.0
1.430806,0.001741,16384.0,1.0,1.0
1.627809,0.000971,16384.0,1.0,1.0
1.628781,0.00098,16384.0,1.0,1.0
1.629762,0.00097,16384.0,1.0,1.0
1.630732,0.000971,16384.0,1.0,1.0
1.631704,0.000972,16384.0,1.0,1.0
1.632676,0.00097,16384.0,1.0,1.0
1.633647,0.000974,16384.0,1.0,1.0
1.634623,0.000973,16384.0,1.0,1.0
1.635597,0.000979,16384.0,1.0,1.0
1.636577,0.000974,16384.0,1.0,1.0
1.637551,0.000976,16384.0,1.0,1.0
1.638528,0.000979,16384.0,1.0,1.0
1.639508,0.000972,16384.0,1.0,1.0
1.640482,0.000981,16384.0,1.0,1.0
1.641464,0.000978,16384.0,1.0,1.0
1.642443,0.000974,16384.0,1.0,1.0
1.643418,0.000972,16384.0,1.0,1.0
1.644391,0.000974,16384.0,1.0,1.0
1.645366,0.000976,16384.0,1.0,1.0
1.646343,0.000978,16384.0,1.0,1.0
1.647322,0.000974,16384.0,1.0,1.0
1.648297,0.000973,16384.0,1.0,1.0
1.649271,0.000975,16384.0,1.0,1.0
1.650248,0.00098,16384.0,1.0,1.0
1.651228,0.00098,16384.0,1.0,1.0
1.652209,0.00097,16384.0,1.0,1.0
1.65318,0.000969,16384.0,1.0,1.0
1.65415,0.000977,16384.0,1.0,1.0
1.655128,0.000977,16384.0,1.0,1.0
1.656106,0.000975,16384.0,1.0,1.0
1.657083,0.000968,16384.0,1.0,1.0
1.658052,0.000975,16384.0,1.0,1.0
1.817034,0.000851,16384.0,1.0,1.0
1.817886,0.000857,16384.0,1.0,1.0
1.818744,0.000857,16384.0,1.0,1.0
1.819602,0.000854,16384.0,1.0,1.0
1.820456,0.000855,16384.0,1.0,1.0
1.821313,0.000858,16384.0,1.0,1.0
1.822172,0.00086,16384.0,1.0,1.0
1.823033,0.000861,16384.0,1.0,1.0
1.823895,0.000855,16384.0,1.0,1.0
1.824751,0.000849,16384.0,1.0,1.0
1.825601,0.000852,16384.0,1.0,1.0
1.826454,0.000855,16384.0,1.0,1.0
1.827309,0.000854,16384.0,1.0,1.0
1.828164,0.00086,16384.0,1.0,1.0
1.829025,0.000861,16384.0,1.0,1.0
1.829887,0.000852,16384.0,1.0,1.0
1.830741,0.000855,16384.0,1.0,1.0
1.831597,0.000858,16384.0,1.0,1.0
1.832456,0.000853,16384.0,1.0,1.0
1.83331,0.000852,16384.0,1.0,1.0
1.834164,0.000856,16384.0,1.0,1.0
1.835021,0.000856,16384.0,1.0,1.0
1.835878,0.000859,16384.0,1.0,1.0
1.836738,0.000855,16384.0,1.0,1.0
1.837594,0.000857,16384.0,1.0,1.0
1.838452,0.00086,16384.0,1.0,1.0
1.839312,0.000855,16384.0,1.0,1.0
1.840168,0.000853,16384.0,1.0,1.0
1.841023,0.00086,16384.0,1.0,1.0
1.841883,0.000858,16384.0,1.0,1.0
1.842743,0.000854,16384.0,1.0,1.0
1.843598,0.000852,16384.0,1.0,1.0
1.975522,0.000839,16384.0,1.0,1.0
1.976361,0.00084,16384.0,1.0,1.0
1.977203,0.000838,16384.0,1.0,1.0
1.978041,0.000838,16384.0,1.0,1.0
1.97888,0.000839,16384.0,1.0,1.0
1.97972,0.000841,16384.0,1.0,1.0
1.980561,0.000837,16384.0,1.0,1.0
1.9814,0.000837,16384.0,1.0,1.0
1.982238,0.000837,16384.0,1.0,1.0
1.983075,0.000837,16384.0,1.0,1.0
1.983914,0.000834,16384.0,1.0,1.0
1.984749,0.000839,16384.0,1.0,1.0
1.985589,0.000838,16384.0,1.0,1.0
1.986428,0.000839,16384.0,1.0,1.0
1.987268,0.00084,16384.0,1.0,1.0
1.988109,0.000837,16384.0,1.0,1.0
1.988948,0.000837,16384.0,1.0,1.0
1.989785,0.000839,16384.0,1.0,1.0
1.990625,0.00084,16384.0,1.0,1.0
1.991466,0.000839,16384.0,1.0,1.0
1.992306,0.000837,16384.0,1.0,1.0
1.993144,0.000839,16384.0,1.0,1.0
1.993985,0.000839,16384.0,1.0,1.0
1.994825,0.00084,16384.0,1.0,1.0
1.995666,0.000837,16384.0,1.0,1.0
1.996504,0.00084,16384.0,1.0,1.0
1.997345,0.000835,16384.0,1.0,1.0
1.998181,0.000841,16384.0,1.0,1.0
1.999023,0.000839,16384.0,1.0,1.0
1.999863,0.00084,16384.0,1.0,1.0
2.000704,0.000842,16384.0,1.0,1.0
2.001547,0.000835,16384.0,1.0,1.0
2.127667,0.001471,16384.0,1.0,1.0
2.129139,0.001467,16384.0,1.0,1.0
2.130606,0.001475,16384.0,1.0,1.0
2.132082,0.001474,16384.0,1.0,1.0
2.133557,0.001474,16384.0,1.0,1.0
2.135032,0.001465,16384.0,1.0,1.0
2.136499,0.001471,16384.0,1.0,1.0
2.137971,0.001467,16384.0,1.0,1.0
2.139439,0.001455,16384.0,1.0,1.0
2.140895,0.001466,16384.0,1.0,1.0
2.142361,0.001462,16384.0,1.0,1.0
2.143824,0.001464,16384.0,1.0,1.0
2.145289,0.001468,16384.0,1.0,1.0
2.146758,0.001467,16384.0,1.0,1.0
2.148226,0.00147,16384.0,1.0,1.0
2.149696,0.001469,16384.0,1.0,1.0
2.151166,0.001462,16384.0,1.0,1.0
2.152629,0.001466,16384.0,1.0,1.0
2.154096,0.001469,16384.0,1.0,1.0
2.155566,0.001469,16384.0,1.0,1.0
2.157036,0.001461,16384.0,1.0,1.0
2.158498,0.001464,16384.0,1.0,1.0
2.159963,0.001466,16384.0,1.0,1.0
2.16143,0.001473,16384.0,1.0,1.0
2.162904,0.001468,16384.0,1.0,1.0
2.164374,0.001457,16384.0,1.0,1.0
2.165831,0.001472,16384.0,1.0,1.0
2.167304,0.001477,16384.0,1.0,1.0
2.168781,0.001468,16384.0,1.0,1.0
2.17025,0.001463,16384.0,1.0,1.0
2.171714,0.001472,16384.0,1.0,1.0
2.173187,0.001465,16384.0,1.0,1.0
2.36975,0.001472,16384.0,1.0,1.0
2.371223,0.001474,16384.0,1.0,1.0
2.372698,0.001465,16384.0,1.0,1.0
2.374164,0.001461,16384.0,1.0,1.0
2.375626,0.001468,16384.0,1.0,1.0
2.377094,0.001478,16384.0,1.0,1.0
2.378573,0.001466,16384.0,1.0,1.0
2.380039,0.001471,16384.0,1.0,1.0
2.381511,0.001465,16384.0,1.0,1.0
2.382977,0.001468,16384.0,1.0,1.0
2.384446,0.001469,16384.0,1.0,1.0
2.385916,0.001466,16384.0,1.0,1.0
2.387384,0.001462,16384.0,1.0,1.0
2.388847,0.00147,16384.0,1.0,1.0
2.390318,0.001463,16384.0,1.0,1.0
2.391783,0.001474,16384.0,1.0,1.0
2.393258,0.001466,16384.0,1.0,1.0
2.394724,0.001477,16384.0,1.0,1.0
2.396202,0.001477,16384.0,1.0,1.0
2.39768,0.001469,16384.0,1.0,1.0
2.39915,0.001465,16384.0,1.0,1.0
2.400616,0.001473,16384.0,1.0,1.0
2.402089,0.001462,16384.0,1.0,1.0
2.403553,0.001465,16384.0,1.0,1.0
2.405019,0.001462,16384.0,1.0,1.0
2.406482,0.001472,16384.0,1.0,1.0
2.407954,0.001467,16384.0,1.0,1.0
2.409422,0.001475,16384.0,1.0,1.0
2.410898,0.001468,16384.0,1.0,1.0
2.412368,0.001467,16384.0,1.0,1.0
2.413835,0.001464,16384.0,1.0,1.0
2.4153,0.001465,16384.0,1.0,1.0
2.596976,0.000848,16384.0,1.0,1.0
2.597825,0.000851,16384.0,1.0,1.0
2.598677,0.00086,16384.0,1.0,1.0
2.599537,0.000853,16384.0,1.0,1.0
2.600391,0.000856,16384.0,1.0,1.0
2.601249,0.000846,16384.0,1.0,1.0
2.602096,0.000852,16384.0,1.0,1.0
2.602949,0.000863,16384.0,1.0,1.0
2.603813,0.000854,16384.0,1.0,1.0
2.604668,0.000866,16384.0,1.0,1.0
2.605535,0.000852,16384.0,1.0,1.0
2.606388,0.000854,16384.0,1.0,1.0
2.607242,0.000855,16384.0,1.0,1.0
2.608099,0.000859,16384.0,1.0,1.0
2.608958,0.000848,16384.0,1.0,1.0
2.609807,0.000862,16384.0,1.0,1.0
2.610671,0.000859,16384.0,1.0,1.0
2.611531,0.000852,16384.0,1.0,1.0
2.612384,0.00085,16384.0,1.0,1.0
2.613235,0.00085,16384.0,1.0,1.0
2.614085,0.000852,16384.0,1.0,1.0
2.614938,0.000855,16384.0,1.0,1.0
2.615794,0.000857,16384.0,1.0,1.0
2.616651,0.000861,16384.0,1.0,1.0
2.617514,0.000859,16384.0,1.0,1.0
2.618373,0.000855,16384.0,1.0,1.0
2.61923,0.000852,16384.0,1.0,1.0
2.620083,0.000851,16384.0,1.0,1.0
2.620935,0.000849,16384.0,1.0,1.0
2.621785,0.00086,16384.0,1.0,1.0
2.622645,0.000858,16384.0,1.0,1.0
2.623504,0.000847,16384.0,1.0,1.0
2.759135,0.000736,16384.0,1.0,1.0
2.759873,0.000735,16384.0,1.0,1.0
2.760608,0.000736,16384.0,1.0,1.0
2.761346,0.00074,16384.0,1.0,1.0
2.762087,0.000741,16384.0,1.0,1.0
2.762829,0.000735,16384.0,1.0,1.0
2.763565,0.00073,16384.0,1.0,1.0
2.764297,0.000743,16384.0,1.0,1.0
2.765041,0.000743,16384.0,1.0,1.0
2.765785,0.000744,16384.0,1.0,1.0
2.76653,0.000745,16384.0,1.0,1.0
2.767275,0.000738,16384.0,1.0,1.0
2.768014,0.000746,16384.0,1.0,1.0
2.768761,0.000746,16384.0,1.0,1.0
2.769508,0.000738,16384.0,1.0,1.0
2.770247,0.000735,16384.0,1.0,1.0
2.770983,0.000742,16384.0,1.0,1.0
2.771727,0.000742,16384.0,1.0,1.0
2.77247,0.000748,16384.0,1.0,1.0
2.773218,0.00074,16384.0,1.0,1.0
2.77396,0.000733,16384.0,1.0,1.0
2.774694,0.00073,16384.0,1.0,1.0
2.775426,0.000745,16384.0,1.0,1.0
2.776172,0.000742,16384.0,1.0,1.0
2.776915,0.000733,16384.0,1.0,1.0
2.777649,0.00074,16384.0,1.0,1.0
2.77839,0.000743,16384.0,1.0,1.0
2.779134,0.000742,16384.0,1.0,1.0
2.779876,0.000743,16384.0,1.0,1.0
2.78062,0.000737,16384.0,1.0,1.0
2.781358,0.000736,16384.0,1.0,1.0
2.782095,0.000737,16384.0,1.0,1.0
2.891815,0.000607,16384.0,1.0,1.0
2.892423,0.000596,16384.0,1.0,1.0
2.893019,0.000601,16384.0,1.0,1.0
2.893622,0.000597,16384.0,1.0,1.0
2.894219,0.0006,16384.0,1.0,1.0
2.89482,0.000601,16384.0,1.0,1.0
2.895422,0.000595,16384.0,1.0,1.0
2.896018,0.000598,16384.0,1.0,1.0
2.896616,0.000594,16384.0,1.0,1.0
2.897211,0.0006,16384.0,1.0,1.0
2.897812,0.000589,16384.0,1.0,1.0
2.898402,0.000593,16384.0,1.0,1.0
2.898996,0.000601,16384.0,1.0,1.0
2.899598,0.000598,16384.0,1.0,1.0
2.900197,0.000597,16384.0,1.0,1.0
2.900795,0.000598,16384.0,1.0,1.0
2.901394,0.000602,16384.0,1.0,1.0
2.901997,0.000606,16384.0,1.0,1.0
2.902604,0.000586,16384.0,1.0,1.0
2.90319,0.0006,16384.0,1.0,1.0
2.903791,0.000595,16384.0,1.0,1.0
2.904387,0.000601,16384.0,1.0,1.0
2.904989,0.000593,16384.0,1.0,1.0
2.905584,0.000593,16384.0,1.0,1.0
2.906178,0.000597,16384.0,1.0,1.0
2.906776,0.000598,16384.0,1.0,1.0
2.907375,0.000605,16384.0,1.0,1.0
2.907981,0.000598,16384.0,1.0,1.0
2.90858,0.000593,16384.0,1.0,1.0
2.909174,0.000599,16384.0,1.0,1.0
2.909774,0.000601,16384.0,1.0,1.0
2.910377,0.000602,16384.0,1.0,1.0
3.036204,0.000765,16384.0,1.0,1.0
3.036971,0.000782,16384.0,1.0,1.0
3.037754,0.000746,16384.0,1.0,1.0
3.038501,0.000756,16384.0,1.0,1.0
3.039258,0.000765,16384.0,1.0,1.0
3.040024,0.000753,16384.0,1.0,1.0
3.040778,0.000755,16384.0,1.0,1.0
3.041534,0.000766,16384.0,1.0,1.0
3.042301,0.000776,16384.0,1.0,1.0
3.043078,0.000767,16384.0,1.0,1.0
3.043847,0.000756,16384.0,1.0,1.0
3.044604,0.000791,16384.0,1.0,1.0
3.045396,0.000765,16384.0,1.0,1.0
3.046162,0.000751,16384.0,1.0,1.0
3.046914,0.00075,16384.0,1.0,1.0
3.047665,0.000778,16384.0,1.0,1.0
3.048445,0.000769,16384.0,1.0,1.0
3.049214,0.000759,16384.0,1.0,1.0
3.049974,0.000774,16384.0,1.0,1.0
3.05075,0.00076,16384.0,1.0,1.0
3.05151,0.000771,16384.0,1.0,1.0
3.052282,0.000779,16384.0,1.0,1.0
3.053062,0.000756,16384.0,1.0,1.0
3.053819,0.00073,16384.0,1.0,1.0
3.05455,0.00075,16384.0,1.0,1.0
3.055301,0.000766,16384.0,1.0,1.0
3.056068,0.00075,16384.0,1.0,1.0
3.056819,0.000769,16384.0,1.0,1.0
3.057589,0.000776,16384.0,1.0,1.0
3.058366,0.000753,16384.0,1.0,1.0
3.05912,0.000756,16384.0,1.0,1.0
3.059876,0.000764,16384.0,1.0,1.0
