start,duration,H2D,D2H,D2D,Throughput
0.498822,0.009957,1,0,0,4.676812
0.508791,1e-06,0,0,0,0
0.508887,0.001088,0,0,0,0
0.509977,0.001077,0,0,0,0
0.511055,0.001078,0,0,0,0
0.512134,0.001077,0,0,0,0
0.513212,0.001076,0,0,0,0
0.514289,0.001089,0,0,0,0
0.515379,0.00108,0,0,0,0
0.51646,0.001092,0,0,0,0
0.517552,0.001083,0,0,0,0
0.518636,0.001073,0,0,0,0
0.51971,0.001073,0,0,0,0
0.520784,0.00107,0,0,0,0
0.521855,0.001078,0,0,0,0
0.522935,0.001084,0,0,0,0
0.52402,0.001084,0,0,0,0
0.525105,0.001076,0,0,0,0
0.526181,0.001082,0,0,0,0
0.527264,0.001078,0,0,0,0
0.528342,0.001072,0,0,0,0
0.529415,0.001068,0,0,0,0
0.530484,0.001075,0,0,0,0
0.53156,0.00108,0,0,0,0
0.532641,0.001078,0,0,0,0
0.53372,0.001072,0,0,0,0
0.534792,0.001079,0,0,0,0
0.535873,0.001077,0,0,0,0
0.536951,0.001087,0,0,0,0
0.538038,0.001081,0,0,0,0
0.539121,0.001084,0,0,0,0
0.540206,0.001085,0,0,0,0
0.541292,0.001071,0,0,0,0
0.542364,0.001085,0,0,0,0
0.543473,0.017197,0,1,0,2.707753
0.617677,1e-06,0,0,0,0
0.617752,0.000625,0,0,0,0
0.618379,0.000621,0,0,0,0
0.619,0.00063,0,0,0,0
0.619631,0.000629,0,0,0,0
0.620261,0.000623,0,0,0,0
0.620885,0.000623,0,0,0,0
0.621508,0.000623,0,0,0,0
0.622133,0.000627,0,0,0,0
0.62276,0.000624,0,0,0,0
0.623385,0.000625,0,0,0,0
0.62401,0.000628,0,0,0,0
0.624639,0.000618,0,0,0,0
0.625258,0.000617,0,0,0,0
0.625877,0.000622,0,0,0,0
0.626499,0.000628,0,0,0,0
0.627129,0.000624,0,0,0,0
0.627754,0.000628,0,0,0,0
0.628382,0.000624,0,0,0,0
0.629007,0.000622,0,0,0,0
0.62963,0.00062,0,0,0,0
0.630251,0.000619,0,0,0,0
0.630871,0.000628,0,0,0,0
0.6315,0.000618,0,0,0,0
0.63212,0.000625,0,0,0,0
0.632745,0.00062,0,0,0,0
0.633366,0.000621,0,0,0,0
0.633988,0.00062,0,0,0,0
0.634609,0.000617,0,0,0,0
0.635227,0.000624,0,0,0,0
0.635852,0.000622,0,0,0,0
0.636475,0.000618,0,0,0,0
0.637094,0.000622,0,0,0,0
0.637737,0.009184,0,1,0,5.070255
0.689841,1e-06,0,0,0,0
0.689916,0.000432,0,0,0,0
0.690349,0.000429,0,0,0,0
0.690779,0.000431,0,0,0,0
0.691211,0.000427,0,0,0,0
0.691638,0.000428,0,0,0,0
0.692067,0.000429,0,0,0,0
0.692497,0.000432,0,0,0,0
0.692931,0.000428,0,0,0,0
0.693359,0.00043,0,0,0,0
0.69379,0.000426,0,0,0,0
0.694217,0.000432,0,0,0,0
0.694649,0.000431,0,0,0,0
0.695081,0.000432,0,0,0,0
0.695513,0.000429,0,0,0,0
0.695944,0.00043,0,0,0,0
0.696374,0.000428,0,0,0,0
0.696804,0.000432,0,0,0,0
0.697237,0.000432,0,0,0,0
0.69767,0.000431,0,0,0,0
0.698102,0.000427,0,0,0,0
0.69853,0.000431,0,0,0,0
0.698962,0.000428,0,0,0,0
0.699391,0.000431,0,0,0,0
0.699822,0.000425,0,0,0,0
0.700249,0.000429,0,0,0,0
0.700678,0.000433,0,0,0,0
0.701112,0.000432,0,0,0,0
0.701545,0.000432,0,0,0,0
0.701978,0.000431,0,0,0,0
0.70241,0.000431,0,0,0,0
0.702842,0.000425,0,0,0,0
0.703268,0.00043,0,0,0,0
0.703718,0.009151,0,1,0,5.088481
0.752615,1e-06,0,0,0,0
0.752689,0.000249,0,0,0,0
0.752939,0.000244,0,0,0,0
0.753184,0.000244,0,0,0,0
0.753429,0.000245,0,0,0,0
0.753675,0.000242,0,0,0,0
0.753918,0.000244,0,0,0,0
0.754163,0.000243,0,0,0,0
0.754407,0.000242,0,0,0,0
0.75465,0.000245,0,0,0,0
0.754896,0.000241,0,0,0,0
0.755138,0.000241,0,0,0,0
0.75538,0.000243,0,0,0,0
0.755624,0.000245,0,0,0,0
0.75587,0.000243,0,0,0,0
0.756113,0.000244,0,0,0,0
0.756358,0.000245,0,0,0,0
0.756605,0.000246,0,0,0,0
0.756851,0.000243,0,0,0,0
0.757095,0.000245,0,0,0,0
0.757341,0.000243,0,0,0,0
0.757585,0.000242,0,0,0,0
0.757827,0.000246,0,0,0,0
0.758074,0.000244,0,0,0,0
0.758319,0.000243,0,0,0,0
0.758563,0.000241,0,0,0,0
0.758805,0.000245,0,0,0,0
0.759051,0.000245,0,0,0,0
0.759296,0.000245,0,0,0,0
0.759542,0.000242,0,0,0,0
0.759785,0.000246,0,0,0,0
0.760032,0.000243,0,0,0,0
0.760276,0.000242,0,0,0,0
0.760538,0.009158,0,1,0,5.084569
0.79971,1e-06,0,0,0,0
0.799783,0.000219,0,0,0,0
0.800003,0.000219,0,0,0,0
0.800223,0.000217,0,0,0,0
0.800441,0.000219,0,0,0,0
0.800662,0.000217,0,0,0,0
0.800879,0.000219,0,0,0,0
0.801099,0.000217,0,0,0,0
0.801317,0.00022,0,0,0,0
0.801538,0.000217,0,0,0,0
0.801756,0.000217,0,0,0,0
0.801975,0.000218,0,0,0,0
0.802194,0.000218,0,0,0,0
0.802413,0.000219,0,0,0,0
0.802632,0.00022,0,0,0,0
0.802853,0.000221,0,0,0,0
0.803076,0.000218,0,0,0,0
0.803294,0.000216,0,0,0,0
0.803512,0.000222,0,0,0,0
0.803734,0.000217,0,0,0,0
0.803953,0.000219,0,0,0,0
0.804172,0.000218,0,0,0,0
0.804392,0.000221,0,0,0,0
0.804614,0.00022,0,0,0,0
0.804835,0.000217,0,0,0,0
0.805053,0.000217,0,0,0,0
0.805271,0.000217,0,0,0,0
0.805489,0.00022,0,0,0,0
0.805709,0.000219,0,0,0,0
0.805929,0.000218,0,0,0,0
0.806148,0.000218,0,0,0,0
0.806367,0.000216,0,0,0,0
0.806583,0.000218,0,0,0,0
0.80682,0.009294,0,1,0,5.010273
0.840156,1e-06,0,0,0,0
0.840228,0.000212,0,0,0,0
0.840442,0.000212,0,0,0,0
0.840654,0.000213,0,0,0,0
0.840868,0.000213,0,0,0,0
0.841082,0.000212,0,0,0,0
0.841295,0.000213,0,0,0,0
0.841508,0.000212,0,0,0,0
0.841722,0.000211,0,0,0,0
0.841933,0.000211,0,0,0,0
0.842145,0.000212,0,0,0,0
0.842358,0.00021,0,0,0,0
0.842569,0.000213,0,0,0,0
0.842783,0.000213,0,0,0,0
0.842997,0.000211,0,0,0,0
0.843209,0.00021,0,0,0,0
0.84342,0.000211,0,0,0,0
0.843632,0.000213,0,0,0,0
0.843846,0.000211,0,0,0,0
0.844058,0.000217,0,0,0,0
0.844275,0.000212,0,0,0,0
0.844489,0.000212,0,0,0,0
0.844701,0.000211,0,0,0,0
0.844913,0.000211,0,0,0,0
0.845125,0.000211,0,0,0,0
0.845338,0.000211,0,0,0,0
0.84555,0.000212,0,0,0,0
0.845763,0.00021,0,0,0,0
0.845974,0.000211,0,0,0,0
0.846186,0.000211,0,0,0,0
0.846398,0.000212,0,0,0,0
0.846611,0.000212,0,0,0,0
0.846824,0.000211,0,0,0,0
0.847052,0.009185,0,1,0,5.069637
0.879127,1e-06,0,0,0,0
0.879199,0.000363,0,0,0,0
0.879563,0.000364,0,0,0,0
0.879928,0.000359,0,0,0,0
0.880288,0.000362,0,0,0,0
0.880651,0.000364,0,0,0,0
0.881016,0.000365,0,0,0,0
0.881382,0.000365,0,0,0,0
0.881748,0.000362,0,0,0,0
0.882111,0.000366,0,0,0,0
0.882478,0.000362,0,0,0,0
0.882841,0.000366,0,0,0,0
0.883208,0.000361,0,0,0,0
0.88357,0.000358,0,0,0,0
0.883929,0.000363,0,0,0,0
0.884293,0.000361,0,0,0,0
0.884655,0.000362,0,0,0,0
0.885018,0.000365,0,0,0,0
0.885384,0.000367,0,0,0,0
0.885751,0.000359,0,0,0,0
0.886111,0.000363,0,0,0,0
0.886475,0.000365,0,0,0,0
0.886841,0.000365,0,0,0,0
0.887208,0.000362,0,0,0,0
0.887571,0.000362,0,0,0,0
0.887933,0.000358,0,0,0,0
0.888292,0.000361,0,0,0,0
0.888654,0.000366,0,0,0,0
0.889021,0.000362,0,0,0,0
0.889384,0.000364,0,0,0,0
0.889749,0.00036,0,0,0,0
0.89011,0.00036,0,0,0,0
0.890471,0.000364,0,0,0,0
0.890852,0.009184,0,1,0,5.070432
0.939592,1e-06,0,0,0,0
0.939664,0.000363,0,0,0,0
0.940028,0.000357,0,0,0,0
0.940386,0.00036,0,0,0,0
0.940747,0.000364,0,0,0,0
0.941111,0.000367,0,0,0,0
0.941479,0.000364,0,0,0,0
0.941844,0.000365,0,0,0,0
0.94221,0.000365,0,0,0,0
0.942576,0.000362,0,0,0,0
0.942939,0.000362,0,0,0,0
0.943303,0.000364,0,0,0,0
0.943668,0.000361,0,0,0,0
0.94403,0.000363,0,0,0,0
0.944394,0.000366,0,0,0,0
0.944761,0.000363,0,0,0,0
0.945125,0.000359,0,0,0,0
0.945485,0.000363,0,0,0,0
0.945849,0.000359,0,0,0,0
0.946209,0.000362,0,0,0,0
0.946572,0.000364,0,0,0,0
0.946936,0.000364,0,0,0,0
0.947301,0.000364,0,0,0,0
0.947666,0.000363,0,0,0,0
0.94803,0.000357,0,0,0,0
0.948387,0.000365,0,0,0,0
0.948754,0.000366,0,0,0,0
0.94912,0.000362,0,0,0,0
0.949483,0.000363,0,0,0,0
0.949847,0.000361,0,0,0,0
0.950209,0.000358,0,0,0,0
0.950568,0.000362,0,0,0,0
0.950931,0.00036,0,0,0,0
0.951308,0.009189,0,1,0,5.067642
0.996518,1e-06,0,0,0,0
0.996592,0.000218,0,0,0,0
0.99681,0.000218,0,0,0,0
0.997029,0.000217,0,0,0,0
0.997247,0.000216,0,0,0,0
0.997464,0.000215,0,0,0,0
0.99768,0.000216,0,0,0,0
0.997897,0.000218,0,0,0,0
0.998116,0.000215,0,0,0,0
0.998332,0.000219,0,0,0,0
0.998551,0.000217,0,0,0,0
0.998769,0.000218,0,0,0,0
0.998988,0.000218,0,0,0,0
0.999207,0.000209,0,0,0,0
0.999417,0.000219,0,0,0,0
0.999637,0.000216,0,0,0,0
0.999854,0.000207,0,0,0,0
1.000062,0.000216,0,0,0,0
1.00028,0.000215,0,0,0,0
1.000496,0.000217,0,0,0,0
1.000713,0.000215,0,0,0,0
1.00093,0.000213,0,0,0,0
1.001144,0.000213,0,0,0,0
1.001358,0.000217,0,0,0,0
1.001576,0.000217,0,0,0,0
1.001794,0.000216,0,0,0,0
1.002011,0.000213,0,0,0,0
1.002225,0.000215,0,0,0,0
1.002441,0.000218,0,0,0,0
1.00266,0.000216,0,0,0,0
1.002877,0.000216,0,0,0,0
1.003094,0.000218,0,0,0,0
1.003313,0.000217,0,0,0,0
1.003546,0.009216,0,1,0,5.052598
1.039027,1e-06,0,0,0,0
1.039099,0.000187,0,0,0,0
1.039288,0.000186,0,0,0,0
1.039475,0.000186,0,0,0,0
1.039662,0.000187,0,0,0,0
1.03985,0.000188,0,0,0,0
1.040039,0.000187,0,0,0,0
1.040226,0.000186,0,0,0,0
1.040413,0.000186,0,0,0,0
1.040601,0.000189,0,0,0,0
1.040791,0.000188,0,0,0,0
1.04098,0.000185,0,0,0,0
1.041166,0.000188,0,0,0,0
1.041355,0.000186,0,0,0,0
1.041542,0.000188,0,0,0,0
1.041731,0.000185,0,0,0,0
1.041917,0.000187,0,0,0,0
1.042105,0.000186,0,0,0,0
1.042291,0.000189,0,0,0,0
1.042481,0.000186,0,0,0,0
1.042668,0.000187,0,0,0,0
1.042856,0.000186,0,0,0,0
1.043043,0.000187,0,0,0,0
1.043231,0.000188,0,0,0,0
1.04342,0.000188,0,0,0,0
1.043608,0.000186,0,0,0,0
1.043795,0.00019,0,0,0,0
1.043986,0.000185,0,0,0,0
1.044172,0.000186,0,0,0,0
1.04436,0.000187,0,0,0,0
1.044548,0.000186,0,0,0,0
1.044735,0.000185,0,0,0,0
1.044921,0.000187,0,0,0,0
1.045125,0.00923,0,1,0,5.044908
1.074048,1e-06,0,0,0,0
1.074122,0.000151,0,0,0,0
1.074274,0.000154,0,0,0,0
1.074429,0.000154,0,0,0,0
1.074584,0.000153,0,0,0,0
1.074739,0.000153,0,0,0,0
1.074893,0.000154,0,0,0,0
1.075047,0.000154,0,0,0,0
1.075202,0.000153,0,0,0,0
1.075356,0.000151,0,0,0,0
1.075508,0.000153,0,0,0,0
1.075662,0.000149,0,0,0,0
1.075812,0.000154,0,0,0,0
1.075967,0.000155,0,0,0,0
1.076123,0.000152,0,0,0,0
1.076276,0.00015,0,0,0,0
1.076428,0.000151,0,0,0,0
1.07658,0.000151,0,0,0,0
1.076732,0.000154,0,0,0,0
1.076887,0.000156,0,0,0,0
1.077044,0.000153,0,0,0,0
1.077198,0.00015,0,0,0,0
1.077349,0.000149,0,0,0,0
1.077499,0.000151,0,0,0,0
1.077651,0.000153,0,0,0,0
1.077805,0.000153,0,0,0,0
1.077959,0.000149,0,0,0,0
1.078109,0.000151,0,0,0,0
1.078261,0.000151,0,0,0,0
1.078413,0.000152,0,0,0,0
1.078566,0.000152,0,0,0,0
1.07872,0.000153,0,0,0,0
1.078874,0.00015,0,0,0,0
1.079044,0.009198,0,1,0,5.062793
1.111117,1e-06,0,0,0,0
1.111189,0.000171,0,0,0,0
1.111361,0.000173,0,0,0,0
1.111534,0.000176,0,0,0,0
1.111711,0.000172,0,0,0,0
1.111884,0.000172,0,0,0,0
1.112057,0.000171,0,0,0,0
1.112229,0.000174,0,0,0,0
1.112404,0.000176,0,0,0,0
1.112581,0.000176,0,0,0,0
1.112758,0.000174,0,0,0,0
1.112933,0.000173,0,0,0,0
1.113106,0.000178,0,0,0,0
1.113285,0.000171,0,0,0,0
1.113457,0.000171,0,0,0,0
1.113629,0.000175,0,0,0,0
1.113805,0.000174,0,0,0,0
1.11398,0.000172,0,0,0,0
1.114153,0.000173,0,0,0,0
1.114327,0.000172,0,0,0,0
1.1145,0.000174,0,0,0,0
1.114675,0.000174,0,0,0,0
1.114851,0.000174,0,0,0,0
1.115026,0.000173,0,0,0,0
1.1152,0.000175,0,0,0,0
1.115376,0.000172,0,0,0,0
1.115549,0.000172,0,0,0,0
1.115722,0.000174,0,0,0,0
1.115897,0.000176,0,0,0,0
1.116074,0.000175,0,0,0,0
1.11625,0.000178,0,0,0,0
1.116429,0.000171,0,0,0,0
1.116601,0.000173,0,0,0,0
1.11679,0.009212,0,1,0,5.055125
