start,duration,H2D,D2H,D2D,Throughput
0.559422,0.04398,1,0,0,4.352145
0.603641,0.043947,1,0,0,4.355399
0.647598,0.193932,0,0,0,0
0.841552,0.193954,0,0,0,0
1.035508,0.193937,0,0,0,0
1.229446,0.193967,0,0,0,0
1.423414,0.193872,0,0,0,0
1.617286,0.193936,0,0,0,0
1.811224,0.193911,0,0,0,0
2.005136,0.193909,0,0,0,0
2.199045,0.193967,0,0,0,0
2.393014,0.193925,0,0,0,0
2.586939,0.193926,0,0,0,0
2.780866,0.193915,0,0,0,0
2.974782,0.194427,0,0,0,0
3.16921,0.194417,0,0,0,0
3.363627,0.193906,0,0,0,0
3.557534,0.193886,0,0,0,0
3.751422,0.193903,0,0,0,0
3.945326,0.193907,0,0,0,0
4.139234,0.193871,0,0,0,0
4.333106,0.193896,0,0,0,0
4.527003,0.193909,0,0,0,0
4.720913,0.19388,0,0,0,0
4.914793,0.193873,0,0,0,0
5.108667,0.193924,0,0,0,0
5.302592,0.193936,0,0,0,0
5.496529,0.193916,0,0,0,0
5.690446,0.193879,0,0,0,0
5.884325,0.193948,0,0,0,0
6.078274,0.194431,0,0,0,0
6.272705,0.193936,0,0,0,0
6.466642,0.193916,0,0,0,0
6.660559,0.193903,0,0,0,0
6.854463,0.193929,0,0,0,0
7.048393,0.193909,0,0,0,0
7.242303,0.193896,0,0,0,0
7.436201,0.193894,0,0,0,0
7.630095,0.193948,0,0,0,0
7.824045,0.193935,0,0,0,0
8.01798,0.193919,0,0,0,0
8.2119,0.193907,0,0,0,0
8.405808,0.193909,0,0,0,0
8.599718,0.193901,0,0,0,0
8.79362,0.193895,0,0,0,0
8.987516,0.193886,0,0,0,0
9.181403,0.193913,0,0,0,0
9.375317,0.193915,0,0,0,0
9.569233,0.19391,0,0,0,0
9.763144,0.193911,0,0,0,0
9.957056,0.193893,0,0,0,0
10.15095,0.193857,0,0,0,0
10.344808,0.193877,0,0,0,0
10.538686,0.193909,0,0,0,0
10.732596,0.193877,0,0,0,0
10.926474,0.193901,0,0,0,0
11.120376,0.193934,0,0,0,0
11.314311,0.193917,0,0,0,0
11.508229,0.1939,0,0,0,0
11.702129,0.1939,0,0,0,0
11.896031,0.193945,0,0,0,0
12.089976,0.193944,0,0,0,0
12.283921,0.193877,0,0,0,0
12.477799,0.193872,0,0,0,0
12.671672,0.193909,0,0,0,0
12.865582,0.193906,0,0,0,0
13.059489,0.194403,0,0,0,0
13.253894,0.193938,0,0,0,0
13.447833,0.193922,0,0,0,0
13.641755,0.193905,0,0,0,0
13.835661,0.193923,0,0,0,0
14.029585,0.193904,0,0,0,0
14.223489,0.193956,0,0,0,0
14.417446,0.193876,0,0,0,0
14.611323,0.193886,0,0,0,0
14.80521,0.194279,0,0,0,0
14.99949,0.194691,0,0,0,0
15.194182,0.194707,0,0,0,0
15.38889,0.194182,0,0,0,0
15.583073,0.194123,0,0,0,0
15.777196,0.194211,0,0,0,0
15.971409,0.193887,0,0,0,0
16.165297,0.193886,0,0,0,0
16.359183,0.193875,0,0,0,0
16.553059,0.193897,0,0,0,0
16.746958,0.193854,0,0,0,0
16.940813,0.193883,0,0,0,0
17.134697,0.193873,0,0,0,0
17.32857,0.193846,0,0,0,0
17.522417,0.193903,0,0,0,0
17.716321,0.193853,0,0,0,0
17.910174,0.193892,0,0,0,0
18.104066,0.193892,0,0,0,0
18.297959,0.193844,0,0,0,0
18.491804,0.193899,0,0,0,0
18.685704,0.193939,0,0,0,0
18.879644,0.193902,0,0,0,0
19.073547,0.19389,0,0,0,0
19.267438,0.193928,0,0,0,0
19.461367,0.193861,0,0,0,0
19.655229,0.193859,0,0,0,0
19.849089,0.193917,0,0,0,0
20.043007,0.19438,0,0,0,0
20.237387,0.193896,0,0,0,0
20.431284,0.193863,0,0,0,0
20.625148,0.19386,0,0,0,0
20.819008,0.193878,0,0,0,0
21.012888,0.193904,0,0,0,0
21.206793,0.193857,0,0,0,0
21.400651,0.193873,0,0,0,0
21.594525,0.193864,0,0,0,0
21.78839,0.193897,0,0,0,0
21.982287,0.193834,0,0,0,0
22.176123,0.193891,0,0,0,0
22.370015,0.193872,0,0,0,0
22.563888,0.193864,0,0,0,0
22.757753,0.193859,0,0,0,0
22.951612,0.193885,0,0,0,0
23.145499,0.193891,0,0,0,0
23.339391,0.193849,0,0,0,0
23.533241,0.193846,0,0,0,0
23.727088,0.193872,0,0,0,0
23.92096,0.193889,0,0,0,0
24.114851,0.193824,0,0,0,0
24.308676,0.193862,0,0,0,0
24.502539,0.193914,0,0,0,0
24.696454,0.193874,0,0,0,0
24.890329,0.193895,0,0,0,0
25.084225,0.193847,0,0,0,0
25.278072,0.193876,0,0,0,0
25.47195,0.193931,0,0,0,0
25.665882,0.193862,0,0,0,0
25.859745,0.1939,0,0,0,0
26.053646,0.193882,0,0,0,0
26.247528,0.193843,0,0,0,0
26.441372,0.193895,0,0,0,0
26.635268,0.193874,0,0,0,0
26.829143,0.193849,0,0,0,0
27.022992,0.19388,0,0,0,0
27.216873,0.194337,0,0,0,0
27.411211,0.193876,0,0,0,0
27.605088,0.193877,0,0,0,0
27.798966,0.193847,0,0,0,0
27.992814,0.193869,0,0,0,0
28.186683,0.193837,0,0,0,0
28.380521,0.193891,0,0,0,0
28.574413,0.193849,0,0,0,0
28.768263,0.193881,0,0,0,0
28.962145,0.193879,0,0,0,0
29.156025,0.193862,0,0,0,0
29.349888,0.193909,0,0,0,0
29.543798,0.193904,0,0,0,0
29.737703,0.193841,0,0,0,0
29.931546,0.193869,0,0,0,0
30.125416,0.19386,0,0,0,0
30.319276,0.193856,0,0,0,0
30.513133,0.19384,0,0,0,0
30.706975,0.193884,0,0,0,0
30.900859,0.193902,0,0,0,0
31.094763,0.193872,0,0,0,0
31.288635,0.193869,0,0,0,0
31.482506,0.193872,0,0,0,0
31.676379,0.193865,0,0,0,0
31.870245,0.193851,0,0,0,0
32.064097,0.193875,0,0,0,0
32.257973,0.193878,0,0,0,0
32.451852,0.193845,0,0,0,0
32.645698,0.193849,0,0,0,0
32.839548,0.193898,0,0,0,0
33.033447,0.193908,0,0,0,0
33.227357,0.193912,0,0,0,0
33.421269,0.193879,0,0,0,0
33.615149,0.193856,0,0,0,0
33.809006,0.193993,0,0,0,0
34.003,0.194664,0,0,0,0
34.197665,0.195169,0,0,0,0
34.392835,0.194719,0,0,0,0
34.587554,0.194665,0,0,0,0
34.78222,0.194651,0,0,0,0
34.976873,0.194676,0,0,0,0
35.171549,0.194644,0,0,0,0
35.366194,0.194623,0,0,0,0
35.560818,0.194662,0,0,0,0
35.755481,0.194681,0,0,0,0
35.950163,0.194744,0,0,0,0
36.144908,0.194676,0,0,0,0
36.339585,0.194675,0,0,0,0
36.534261,0.194687,0,0,0,0
36.728949,0.194652,0,0,0,0
36.923601,0.194636,0,0,0,0
37.118238,0.194611,0,0,0,0
37.312851,0.194576,0,0,0,0
37.507427,0.19461,0,0,0,0
37.702038,0.194626,0,0,0,0
37.896665,0.194624,0,0,0,0
38.09129,0.194659,0,0,0,0
38.28595,0.19466,0,0,0,0
38.480611,0.19463,0,0,0,0
38.675242,0.194674,0,0,0,0
38.869917,0.194652,0,0,0,0
39.06457,0.194629,0,0,0,0
39.2592,0.194613,0,0,0,0
39.453814,0.1947,0,0,0,0
39.648515,0.194654,0,0,0,0
39.84317,0.194663,0,0,0,0
40.037834,0.194637,0,0,0,0
40.232471,0.194692,0,0,0,0
40.427164,0.194647,0,0,0,0
40.621812,0.194679,0,0,0,0
40.816493,0.194632,0,0,0,0
41.011126,0.194625,0,0,0,0
41.205752,0.195113,0,0,0,0
41.400866,0.194631,0,0,0,0
41.595498,0.194669,0,0,0,0
41.790167,0.194684,0,0,0,0
41.984852,0.194692,0,0,0,0
42.179545,0.194616,0,0,0,0
42.374162,0.194616,0,0,0,0
42.568779,0.194687,0,0,0,0
42.763467,0.194622,0,0,0,0
42.95809,0.194627,0,0,0,0
43.152718,0.194605,0,0,0,0
43.347324,0.194662,0,0,0,0
43.541987,0.194681,0,0,0,0
43.736668,0.194662,0,0,0,0
43.931332,0.194622,0,0,0,0
44.125954,0.194658,0,0,0,0
44.320613,0.19462,0,0,0,0
44.515233,0.194669,0,0,0,0
44.709903,0.194672,0,0,0,0
44.904577,0.194645,0,0,0,0
45.099222,0.194698,0,0,0,0
45.293921,0.194648,0,0,0,0
45.48857,0.194618,0,0,0,0
45.683189,0.194704,0,0,0,0
45.877894,0.19468,0,0,0,0
46.072575,0.194724,0,0,0,0
46.2673,0.194695,0,0,0,0
46.461996,0.194676,0,0,0,0
46.656673,0.194645,0,0,0,0
46.851319,0.19468,0,0,0,0
47.046,0.194644,0,0,0,0
47.240645,0.194673,0,0,0,0
47.435318,0.194713,0,0,0,0
47.630032,0.194686,0,0,0,0
47.824719,0.194685,0,0,0,0
48.019405,0.194629,0,0,0,0
48.214035,0.195126,0,0,0,0
48.409162,0.194669,0,0,0,0
48.603832,0.194643,0,0,0,0
48.798476,0.194682,0,0,0,0
48.993158,0.194669,0,0,0,0
49.187828,0.194658,0,0,0,0
49.382487,0.194691,0,0,0,0
49.577179,0.194672,0,0,0,0
49.771853,0.194607,0,0,0,0
49.966461,0.19466,0,0,0,0
50.161122,0.194664,0,0,0,0
50.355787,0.194674,0,0,0,0
50.550461,0.194657,0,0,0,0
50.745119,0.194727,0,0,0,0
50.939847,0.194672,0,0,0,0
51.134521,0.194626,0,0,0,0
51.329148,0.19469,0,0,0,0
51.523839,0.194657,0,0,0,0
51.718497,0.194681,0,0,0,0
51.913179,0.194618,0,0,0,0
52.107798,0.194642,0,0,0,0
52.302441,0.194714,0,0,0,0
52.497155,0.194697,0,0,0,0
52.691853,0.194635,0,0,0,0
52.886489,0.194683,0,0,0,0
53.081174,0.194685,0,0,0,0
53.275859,0.194692,0,0,0,0
53.470552,0.194638,0,0,0,0
53.665192,0.194677,0,0,0,0
53.859869,0.194681,0,0,0,0
54.054551,0.19467,0,0,0,0
54.249222,0.194717,0,0,0,0
54.44394,0.194723,0,0,0,0
54.638664,0.194678,0,0,0,0
54.833343,0.194693,0,0,0,0
55.028037,0.19469,0,0,0,0
55.222728,0.195186,0,0,0,0
55.417916,0.194719,0,0,0,0
55.612635,0.194661,0,0,0,0
55.807297,0.194646,0,0,0,0
56.001944,0.194692,0,0,0,0
56.196637,0.19467,0,0,0,0
56.391308,0.194678,0,0,0,0
56.585987,0.194649,0,0,0,0
56.780636,0.194662,0,0,0,0
56.975299,0.194684,0,0,0,0
57.169984,0.194634,0,0,0,0
57.364619,0.194675,0,0,0,0
57.559295,0.194679,0,0,0,0
57.753975,0.194644,0,0,0,0
57.94862,0.194665,0,0,0,0
58.143285,0.194692,0,0,0,0
58.337978,0.19467,0,0,0,0
58.53265,0.194631,0,0,0,0
58.727282,0.194639,0,0,0,0
58.921922,0.194592,0,0,0,0
59.116599,0.071587,0,1,0,2.673744
